Solving transportation problem:                                                                                
    10     35     15     25     55     10                                                                      

     3      7      1      5      4      9        30
     7      5      8      6      3      4         5
     6      4      8      3      2      5        45
     3      1      7      4      2      3        40

Closed transportation problem:
    10     35     15     25     55     10

     3      7      1      5      4      9        30
     7      5      8      6      3      4         5
     6      4      8      3      2      5        45
     3      1      7      4      2      3        40
     0      0      0      0      0      0        30

Found solution:
[   10     0    15     0     5     0;
     0     0     0     0     5     0;
     0     0     0     0    45     0;
     0    35     0     0     0     5;
     0     0     0    25     0     5]
With cost: 220

Equivalent canonical linear problem:
min    3 7 1 5 4 9 7 5 8 6 3 4 6 4 8 3 2 5 3 1 7 4 2 3 0 0 0 0 0 0

       1 1 1 1 1 1 1 1 1 1 1 1 1 1 1 1 1 1 1 1 1 1 1 1 1 1 1 1 1 1

       1 1 1 1 1 1 0 0 0 0 0 0 0 0 0 0 0 0 0 0 0 0 0 0 0 0 0 0 0 0    0    30
       0 0 0 0 0 0 1 1 1 1 1 1 0 0 0 0 0 0 0 0 0 0 0 0 0 0 0 0 0 0    0    5
       0 0 0 0 0 0 0 0 0 0 0 0 1 1 1 1 1 1 0 0 0 0 0 0 0 0 0 0 0 0    0    45
       0 0 0 0 0 0 0 0 0 0 0 0 0 0 0 0 0 0 1 1 1 1 1 1 0 0 0 0 0 0    0    40
       0 0 0 0 0 0 0 0 0 0 0 0 0 0 0 0 0 0 0 0 0 0 0 0 1 1 1 1 1 1    0    30
       1 0 0 0 0 0 1 0 0 0 0 0 1 0 0 0 0 0 1 0 0 0 0 0 1 0 0 0 0 0    0    10
       0 1 0 0 0 0 0 1 0 0 0 0 0 1 0 0 0 0 0 1 0 0 0 0 0 1 0 0 0 0    0    35
       0 0 1 0 0 0 0 0 1 0 0 0 0 0 1 0 0 0 0 0 1 0 0 0 0 0 1 0 0 0    0    15
       0 0 0 1 0 0 0 0 0 1 0 0 0 0 0 1 0 0 0 0 0 1 0 0 0 0 0 1 0 0    0    25
       0 0 0 0 1 0 0 0 0 0 1 0 0 0 0 0 1 0 0 0 0 0 1 0 0 0 0 0 1 0    0    55
       0 0 0 0 0 1 0 0 0 0 0 1 0 0 0 0 0 1 0 0 0 0 0 1 0 0 0 0 0 1    0    10
Solution by simplex algorithm:
[   10     0    15     0     5     0;
     0     0     0     0     5     0;
     0     0     0     0    45     0;
     0    35     0     0     0     5;
     0     0     0    25     0     5]
With cost: 220


real    3m20.279s
user    3m2.299s
sys     0m0.224s

